x	y	z	Strain	u	v	w
5.045045e-02	5.045045e-02	0.000000e+00	-1.038037e-05	8.996976e-06	1.022215e-06	-3.581790e-04
1.000000e-01	1.000000e-01	0.000000e+00	-1.025796e-05	8.486259e-06	5.117520e-07	-1.697314e-04
1.495495e-01	1.495495e-01	0.000000e+00	-1.021958e-05	7.979040e-06	4.663324e-09	-1.442047e-06
2.000000e-01	2.000000e-01	0.000000e+00	-1.021164e-05	7.463831e-06	-5.107450e-07	1.492786e-04
2.495495e-01	2.495495e-01	0.000000e+00	-1.021184e-05	6.957931e-06	-1.016814e-06	2.770673e-04
2.504505e-01	3.495495e-01	0.000000e+00	1.021419e-05	5.936627e-06	-1.025791e-06	2.385406e-04
2.000000e-01	4.000000e-01	0.000000e+00	1.021286e-05	5.421317e-06	-5.105363e-07	1.084300e-04
1.504505e-01	4.495495e-01	0.000000e+00	1.021099e-05	4.915301e-06	-4.538918e-09	8.846328e-07
1.000000e-01	5.000000e-01	0.000000e+00	1.020146e-05	4.400413e-06	5.105076e-07	-8.801136e-05
5.045045e-02	5.495495e-01	0.000000e+00	1.017550e-05	3.895581e-06	1.015502e-06	-1.551033e-04
5.045045e-02	6.504505e-01	0.000000e+00	-1.019067e-05	2.869843e-06	1.011037e-06	-1.141884e-04
1.000000e-01	7.000000e-01	0.000000e+00	-1.017994e-05	2.365316e-06	5.057640e-07	-4.727643e-05
1.495495e-01	7.495495e-01	0.000000e+00	-1.001216e-05	1.863709e-06	4.538448e-09	-3.349537e-07
2.000000e-01	8.000000e-01	0.000000e+00	-9.338877e-06	1.371748e-06	-4.860056e-07	2.734269e-05
2.504505e-01	8.504505e-01	0.000000e+00	-7.902832e-06	9.183151e-07	-9.091528e-07	3.612357e-05
3.003003e-02	0.000000e+00	0.000000e+00	1.140185e-08	9.499499e-06	1.238309e-06	-4.566225e-04
6.006006e-02	0.000000e+00	0.000000e+00	2.017758e-07	9.491823e-06	9.253077e-07	-3.422534e-04
9.009009e-02	0.000000e+00	0.000000e+00	-3.478429e-07	9.489092e-06	6.151795e-07	-2.279507e-04
1.201201e-01	0.000000e+00	0.000000e+00	-5.029044e-08	9.487181e-06	3.069164e-07	-1.136853e-04
1.501502e-01	0.000000e+00	0.000000e+00	4.244182e-09	9.486806e-06	-1.303899e-09	5.645883e-07
1.801802e-01	0.000000e+00	0.000000e+00	1.443332e-07	9.487832e-06	-3.092240e-07	1.148143e-04
2.102102e-01	0.000000e+00	0.000000e+00	3.593928e-07	9.489248e-06	-6.188636e-07	2.290819e-04
2.402402e-01	0.000000e+00	0.000000e+00	2.452978e-07	9.493166e-06	-9.278348e-07	3.433822e-04
2.702703e-01	0.000000e+00	0.000000e+00	-5.439963e-07	9.498610e-06	-1.240843e-06	4.577523e-04
3.000000e-01	2.507508e-02	0.000000e+00	7.095176e-07	9.265309e-06	-1.528260e-06	5.554867e-04
0.000000e+00	5.015015e-02	0.000000e+00	4.548403e-06	9.003120e-06	1.518952e-06	-5.399734e-04
2.912913e-02	5.000000e-02	0.000000e+00	-2.706847e-08	9.003409e-06	1.242348e-06	-4.351454e-04
5.915916e-02	5.000000e-02	0.000000e+00	-7.456577e-08	9.000943e-06	9.325659e-07	-3.270057e-04
8.918919e-02	5.000000e-02	0.000000e+00	-4.679012e-08	8.999119e-06	6.238718e-07	-2.188921e-04
1.192192e-01	5.000000e-02	0.000000e+00	-2.254260e-08	8.998069e-06	3.157002e-07	-1.107958e-04
1.492492e-01	5.000000e-02	0.000000e+00	-6.311416e-10	8.997710e-06	7.760582e-09	-2.707779e-06
1.792793e-01	5.000000e-02	0.000000e+00	2.146997e-08	8.998025e-06	-3.001771e-07	1.053799e-04
2.093093e-01	5.000000e-02	0.000000e+00	4.560187e-08	8.999034e-06	-6.083340e-07	2.134755e-04
2.393393e-01	5.000000e-02	0.000000e+00	7.208973e-08	9.000811e-06	-9.170039e-07	3.215878e-04
2.693694e-01	5.000000e-02	0.000000e+00	8.294101e-08	9.003243e-06	-1.226730e-06	4.297257e-04
3.000000e-01	1.002503e-01	0.000000e+00	-5.692442e-06	8.486456e-06	-1.511861e-06	5.090938e-04
2.714715e-01	1.000000e-01	0.000000e+00	-6.865043e-08	8.488383e-06	-1.244291e-06	4.123747e-04
2.414414e-01	1.000000e-01	0.000000e+00	3.433786e-08	8.487488e-06	-9.361438e-07	3.104115e-04
2.114114e-01	1.000000e-01	0.000000e+00	2.780660e-08	8.486528e-06	-6.284611e-07	2.084600e-04
1.813814e-01	1.000000e-01	0.000000e+00	1.505632e-08	8.485880e-06	-3.210540e-07	1.065184e-04
1.513514e-01	1.000000e-01	0.000000e+00	1.319690e-10	8.485649e-06	-1.376492e-08	4.582144e-06
1.213213e-01	1.000000e-01	0.000000e+00	-1.413611e-08	8.485854e-06	2.935211e-07	-9.735398e-05
9.129129e-02	1.000000e-01	0.000000e+00	-2.789863e-08	8.486480e-06	6.009132e-07	-1.992951e-04
6.126126e-02	1.000000e-01	0.000000e+00	-3.453451e-08	8.487435e-06	9.085668e-07	-3.012459e-04
3.123123e-02	1.000000e-01	0.000000e+00	-2.197506e-08	8.488348e-06	1.216654e-06	-4.032086e-04
0.000000e+00	1.503504e-01	0.000000e+00	5.398807e-06	7.972769e-06	1.510003e-06	-4.783288e-04
2.792793e-02	1.500000e-01	0.000000e+00	1.213335e-07	7.975905e-06	1.248522e-06	-3.894386e-04
5.795796e-02	1.500000e-01	0.000000e+00	-1.684544e-08	7.975511e-06	9.411477e-07	-2.936286e-04
8.798799e-02	1.500000e-01	0.000000e+00	-1.606916e-08	7.974995e-06	6.339581e-07	-1.978244e-04
1.180180e-01	1.500000e-01	0.000000e+00	-9.499668e-09	7.974596e-06	3.269370e-07	-1.020260e-04
1.480480e-01	1.500000e-01	0.000000e+00	-4.629629e-10	7.974437e-06	2.000882e-08	-6.230929e-06
1.780781e-01	1.500000e-01	0.000000e+00	8.454698e-09	7.974554e-06	-2.869112e-07	8.956386e-05
2.081081e-01	1.500000e-01	0.000000e+00	1.514979e-08	7.974917e-06	-5.939098e-07	1.853616e-04
2.381381e-01	1.500000e-01	0.000000e+00	1.630173e-08	7.975408e-06	-9.010712e-07	2.811646e-04
2.681682e-01	1.500000e-01	0.000000e+00	7.158421e-09	7.975784e-06	-1.208437e-06	3.769732e-04
3.000000e-01	2.004505e-01	0.000000e+00	-5.692333e-06	7.459586e-06	-1.507452e-06	4.475865e-04
2.726727e-01	2.000000e-01	0.000000e+00	-1.650029e-07	7.464364e-06	-1.253536e-06	3.662659e-04
2.426426e-01	2.000000e-01	0.000000e+00	7.866446e-09	7.464188e-06	-9.465405e-07	2.765997e-04
2.126126e-01	2.000000e-01	0.000000e+00	8.414050e-09	7.463933e-06	-6.396227e-07	1.869363e-04
1.825826e-01	2.000000e-01	0.000000e+00	5.335489e-09	7.463717e-06	-3.327939e-07	9.727580e-05
1.525526e-01	2.000000e-01	0.000000e+00	6.163801e-10	7.463625e-06	-2.602081e-08	7.617208e-06
1.225225e-01	2.000000e-01	0.000000e+00	-4.563182e-09	7.463691e-06	2.807492e-07	-8.204122e-05
9.249249e-02	2.000000e-01	0.000000e+00	-8.255455e-09	7.463894e-06	5.875709e-07	-1.717013e-04
6.246246e-02	2.000000e-01	0.000000e+00	-8.905704e-09	7.464163e-06	8.944865e-07	-2.613643e-04
3.243243e-02	2.000000e-01	0.000000e+00	-7.514556e-09	7.464406e-06	1.201512e-06	-3.510305e-04
0.000000e+00	2.505506e-01	0.000000e+00	6.093659e-06	6.947414e-06	1.508764e-06	-4.168795e-04
2.672673e-02	2.500000e-01	0.000000e+00	2.124148e-07	6.953324e-06	1.259392e-06	-3.428774e-04
5.675676e-02	2.500000e-01	0.000000e+00	-3.981145e-09	6.953273e-06	9.525244e-07	-2.593493e-04
8.678679e-02	2.500000e-01	0.000000e+00	-4.514039e-09	6.953138e-06	6.457203e-07	-1.758226e-04
1.168168e-01	2.500000e-01	0.000000e+00	-3.038702e-09	6.953020e-06	3.389711e-07	-9.229740e-05
1.468468e-01	2.500000e-01	0.000000e+00	-2.801550e-10	6.952971e-06	3.225607e-08	-8.773280e-06
1.768769e-01	2.500000e-01	0.000000e+00	2.637440e-09	6.953009e-06	-2.744533e-07	7.475077e-05
2.069069e-01	2.500000e-01	0.000000e+00	4.625927e-09	6.953123e-06	-5.811849e-07	1.582758e-04
2.369369e-01	2.500000e-01	0.000000e+00	4.901293e-09	6.953270e-06	-8.879560e-07	2.418024e-04
2.669670e-01	2.500000e-01	0.000000e+00	3.658473e-09	6.953400e-06	-1.194765e-06	3.253307e-04
3.000000e-01	3.006507e-01	0.000000e+00	-5.846946e-06	6.435827e-06	-1.506547e-06	3.861731e-04
2.738739e-01	3.000000e-01	0.000000e+00	-2.517464e-07	6.442689e-06	-1.265109e-06	3.192388e-04
2.438438e-01	3.000000e-01	0.000000e+00	3.328425e-09	6.442604e-06	-9.583850e-07	2.418453e-04
2.138138e-01	3.000000e-01	0.000000e+00	3.327641e-09	6.442502e-06	-6.516711e-07	1.644528e-04
1.837838e-01	3.000000e-01	0.000000e+00	2.236199e-09	6.442417e-06	-3.449714e-07	8.706150e-05
1.537538e-01	3.000000e-01	0.000000e+00	4.993650e-10	6.442376e-06	-3.828215e-08	9.670988e-06
1.237237e-01	3.000000e-01	0.000000e+00	-1.236620e-09	6.442388e-06	2.684075e-07	-6.771936e-05
9.369369e-02	3.000000e-01	0.000000e+00	-2.326565e-09	6.442445e-06	5.751100e-07	-1.451101e-04
6.366366e-02	3.000000e-01	0.000000e+00	-2.230283e-09	6.442517e-06	8.818330e-07	-2.225017e-04
3.363363e-02	3.000000e-01	0.000000e+00	-1.078256e-09	6.442568e-06	1.188573e-06	-2.998941e-04
0.000000e+00	3.507508e-01	0.000000e+00	5.749175e-06	5.923817e-06	1.507882e-06	-3.554757e-04
2.552553e-02	3.500000e-01	0.000000e+00	2.995902e-07	5.931958e-06	1.271241e-06	-2.953657e-04
5.555556e-02	3.500000e-01	0.000000e+00	-1.727343e-09	5.931918e-06	9.645637e-07	-2.241071e-04
8.558559e-02	3.500000e-01	0.000000e+00	-1.857566e-09	5.931863e-06	6.578829e-07	-1.528490e-04
1.156156e-01	3.500000e-01	0.000000e+00	-1.195925e-09	5.931816e-06	3.512036e-07	-8.159156e-05
1.456456e-01	3.500000e-01	0.000000e+00	6.496310e-11	5.931798e-06	4.452521e-08	-1.033454e-05
1.756757e-01	3.500000e-01	0.000000e+00	1.500028e-09	5.931822e-06	-2.621535e-07	6.092251e-05
2.057057e-01	3.500000e-01	0.000000e+00	2.671945e-09	5.931886e-06	-5.688340e-07	1.321801e-04
2.357357e-01	3.500000e-01	0.000000e+00	3.322105e-09	5.931977e-06	-8.755166e-07	2.034386e-04
2.657658e-01	3.500000e-01	0.000000e+00	3.372163e-09	5.932079e-06	-1.182193e-06	2.746983e-04
3.000000e-01	4.008509e-01	0.000000e+00	-5.732081e-06	5.412889e-06	-1.506341e-06	3.247815e-04
2.450450e-01	4.000000e-01	0.000000e+00	3.292796e-09	5.421459e-06	-9.705101e-07	2.061183e-04
2.150150e-01	4.000000e-01	0.000000e+00	3.101629e-09	5.421361e-06	-6.638633e-07	1.409925e-04
1.849850e-01	4.000000e-01	0.000000e+00	2.096020e-09	5.421281e-06	-3.572062e-07	7.586774e-05
1.549550e-01	4.000000e-01	0.000000e+00	4.958551e-10	5.421241e-06	-5.053989e-08	1.074374e-05
1.249249e-01	4.000000e-01	0.000000e+00	-1.128275e-09	5.421251e-06	2.561264e-07	-5.438010e-05
9.489489e-02	4.000000e-01	0.000000e+00	-2.165698e-09	5.421303e-06	5.627815e-07	-1.195043e-04
6.486486e-02	4.000000e-01	0.000000e+00	-2.122956e-09	5.421371e-06	8.694182e-07	-1.846293e-04
3.483483e-02	4.000000e-01	0.000000e+00	-8.622022e-10	5.421419e-06	1.176041e-06	-2.497550e-04
0.000000e+00	4.509510e-01	0.000000e+00	5.748986e-06	4.900821e-06	1.507483e-06	-2.940889e-04
5.435435e-02	4.500000e-01	0.000000e+00	-3.144159e-09	4.910984e-06	9.765971e-07	-1.878913e-04
8.438438e-02	4.500000e-01	0.000000e+00	-4.199871e-09	4.910866e-06	6.700391e-07	-1.288977e-04
1.144144e-01	4.500000e-01	0.000000e+00	-2.943695e-09	4.910755e-06	3.634321e-07	-6.990552e-05
1.444444e-01	4.500000e-01	0.000000e+00	-4.187432e-10	4.910702e-06	5.679117e-08	-1.091437e-05
1.744745e-01	4.500000e-01	0.000000e+00	2.329268e-09	4.910731e-06	-2.498577e-07	4.807663e-05
2.045045e-01	4.500000e-01	0.000000e+00	4.185968e-09	4.910832e-06	-5.564875e-07	1.070684e-04
2.345345e-01	4.500000e-01	0.000000e+00	4.103037e-09	4.910962e-06	-8.630824e-07	1.660617e-04
2.645646e-01	4.500000e-01	0.000000e+00	9.226572e-10	4.911045e-06	-1.169649e-06	2.250563e-04
3.000000e-01	5.010511e-01	0.000000e+00	-5.850801e-06	4.390585e-06	-1.506854e-06	2.634072e-04
2.462462e-01	5.000000e-01	0.000000e+00	6.574501e-09	4.400750e-06	-9.823638e-07	1.694194e-04
2.162162e-01	5.000000e-01	0.000000e+00	7.798625e-09	4.400525e-06	-6.759184e-07	1.165556e-04
1.861862e-01	5.000000e-01	0.000000e+00	5.518753e-09	4.400316e-06	-3.693879e-07	6.369463e-05
1.561562e-01	5.000000e-01	0.000000e+00	9.107041e-10	4.400214e-06	-6.279770e-08	1.083555e-05
1.261261e-01	5.000000e-01	0.000000e+00	-4.078673e-09	4.400261e-06	2.438022e-07	-4.202317e-05
9.609610e-02	5.000000e-01	0.000000e+00	-7.646930e-09	4.400442e-06	5.503551e-07	-9.488331e-05
6.606607e-02	5.000000e-01	0.000000e+00	-8.179726e-09	4.400690e-06	8.568192e-07	-1.477461e-04
3.603604e-02	5.000000e-01	0.000000e+00	-5.012935e-09	4.400898e-06	1.163179e-06	-2.006118e-04
0.000000e+00	5.511512e-01	0.000000e+00	6.032366e-06	3.879570e-06	1.505746e-06	-2.327475e-04
5.315315e-02	5.500000e-01	0.000000e+00	-1.436070e-08	3.890952e-06	9.879466e-07	-1.507136e-04
8.318318e-02	5.500000e-01	0.000000e+00	-1.581691e-08	3.890486e-06	6.817888e-07	-1.039753e-04
1.132132e-01	5.500000e-01	0.000000e+00	-1.108980e-08	3.890066e-06	3.754611e-07	-5.724258e-05
1.432432e-01	5.500000e-01	0.000000e+00	-2.175206e-09	3.889856e-06	6.900865e-08	-1.051373e-05
1.732733e-01	5.500000e-01	0.000000e+00	7.414785e-09	3.889932e-06	-2.374701e-07	3.621429e-05
2.033033e-01	5.500000e-01	0.000000e+00	1.397385e-08	3.890261e-06	-5.438651e-07	8.294484e-05
2.333333e-01	5.500000e-01	0.000000e+00	1.470612e-08	3.890707e-06	-8.500979e-07	1.296802e-04
2.633634e-01	5.500000e-01	0.000000e+00	8.405839e-09	3.891067e-06	-1.156162e-06	1.764207e-04
3.000000e-01	6.012513e-01	0.000000e+00	-5.371261e-06	3.369612e-06	-1.501876e-06	2.021172e-04
2.474474e-01	6.000000e-01	0.000000e+00	2.368876e-08	3.381817e-06	-9.926120e-07	1.317805e-04
2.174174e-01	6.000000e-01	0.000000e+00	2.870647e-08	3.380989e-06	-6.870285e-07	9.116036e-05
1.873874e-01	6.000000e-01	0.000000e+00	2.059466e-08	3.380208e-06	-3.811212e-07	5.055027e-05
1.573574e-01	6.000000e-01	0.000000e+00	4.826227e-09	3.379811e-06	-7.497873e-08	9.947524e-06
1.273273e-01	6.000000e-01	0.000000e+00	-1.441698e-08	3.379959e-06	2.312152e-07	-3.065367e-05
9.729730e-02	6.000000e-01	0.000000e+00	-2.690714e-08	3.380597e-06	5.372558e-07	-7.125974e-05
6.726727e-02	6.000000e-01	0.000000e+00	-2.911029e-08	3.381470e-06	8.430016e-07	-1.118752e-04
3.723724e-02	6.000000e-01	0.000000e+00	-1.572767e-08	3.382177e-06	1.148452e-06	-1.525007e-04
0.000000e+00	6.513514e-01	0.000000e+00	6.009596e-06	2.861462e-06	1.497855e-06	-1.715695e-04
5.195195e-02	6.500000e-01	0.000000e+00	-4.523463e-08	2.874338e-06	9.958691e-07	-1.126441e-04
8.198198e-02	6.500000e-01	0.000000e+00	-5.510230e-08	2.872772e-06	6.914469e-07	-7.812439e-05
1.120120e-01	6.500000e-01	0.000000e+00	-4.099297e-08	2.871287e-06	3.864432e-07	-4.362380e-05
1.420420e-01	6.500000e-01	0.000000e+00	-1.029921e-08	2.870513e-06	8.101124e-08	-9.137283e-06
1.720721e-01	6.500000e-01	0.000000e+00	2.400175e-08	2.870754e-06	-2.245187e-07	2.534593e-05
2.021021e-01	6.500000e-01	0.000000e+00	4.907639e-08	2.871915e-06	-5.297770e-07	5.983787e-05
2.321321e-01	6.500000e-01	0.000000e+00	5.308833e-08	2.873523e-06	-8.345011e-07	9.434710e-05
2.621622e-01	6.500000e-01	0.000000e+00	2.999846e-08	2.874845e-06	-1.138658e-06	1.288748e-04
3.000000e-01	7.014515e-01	0.000000e+00	-5.624566e-06	2.356383e-06	-1.486779e-06	1.411817e-04
2.486486e-01	7.000000e-01	0.000000e+00	8.069007e-08	2.369924e-06	-9.954957e-07	9.335420e-05
2.186186e-01	7.000000e-01	0.000000e+00	1.010126e-07	2.367098e-06	-6.934632e-07	6.490115e-05
1.885886e-01	7.000000e-01	0.000000e+00	7.570167e-08	2.364380e-06	-3.904155e-07	3.648284e-05
1.585586e-01	7.000000e-01	0.000000e+00	1.975652e-08	2.362942e-06	-8.661191e-08	8.090436e-06
1.285285e-01	7.000000e-01	0.000000e+00	-4.392577e-08	2.363353e-06	2.173829e-07	-2.029557e-05
9.849850e-02	7.000000e-01	0.000000e+00	-9.025234e-08	2.365451e-06	5.209211e-07	-4.869717e-05
6.846847e-02	7.000000e-01	0.000000e+00	-9.836621e-08	2.368382e-06	8.235406e-07	-7.713021e-05
3.843844e-02	7.000000e-01	0.000000e+00	-5.571253e-08	2.370798e-06	1.125187e-06	-1.055969e-04
0.000000e+00	7.515516e-01	0.000000e+00	4.874854e-06	1.856937e-06	1.463806e-06	-1.111159e-04
5.075075e-02	7.500000e-01	0.000000e+00	-1.317891e-07	1.871664e-06	9.880370e-07	-7.400992e-05
8.078078e-02	7.500000e-01	0.000000e+00	-1.757216e-07	1.866756e-06	6.907690e-07	-5.155426e-05
1.108108e-01	7.500000e-01	0.000000e+00	-1.329738e-07	1.861948e-06	3.918550e-07	-2.915965e-05
1.408408e-01	7.500000e-01	0.000000e+00	-3.448166e-08	1.859359e-06	9.169338e-08	-6.811187e-06
1.708709e-01	7.500000e-01	0.000000e+00	7.442639e-08	1.860015e-06	-2.087912e-07	1.552527e-05
2.009009e-01	7.500000e-01	0.000000e+00	1.564836e-07	1.863664e-06	-5.085475e-07	3.788852e-05
2.309309e-01	7.500000e-01	0.000000e+00	1.704062e-07	1.868815e-06	-8.068144e-07	6.030677e-05
2.609610e-01	7.500000e-01	0.000000e+00	9.125185e-08	1.873037e-06	-1.103493e-06	8.278422e-05
3.000000e-01	8.016517e-01	0.000000e+00	-4.796495e-06	1.370154e-06	-1.418696e-06	8.172263e-05
2.498498e-01	8.000000e-01	0.000000e+00	2.158225e-07	1.385457e-06	-9.650247e-07	5.483677e-05
2.198198e-01	8.000000e-01	0.000000e+00	2.979343e-07	1.377339e-06	-6.772708e-07	3.824008e-05
1.897898e-01	8.000000e-01	0.000000e+00	2.270175e-07	1.369267e-06	-3.870878e-07	2.174532e-05
1.597598e-01	8.000000e-01	0.000000e+00	6.372069e-08	1.364857e-06	-9.506278e-08	5.328467e-06
1.297297e-01	8.000000e-01	0.000000e+00	-1.248533e-07	1.365823e-06	1.974492e-07	-1.106689e-05
9.969970e-02	8.000000e-01	0.000000e+00	-2.627781e-07	1.371800e-06	4.889560e-07	-2.750549e-05
6.966967e-02	8.000000e-01	0.000000e+00	-2.880566e-07	1.380371e-06	7.783220e-07	-4.403509e-05
3.963964e-02	8.000000e-01	0.000000e+00	-1.504380e-07	1.387379e-06	1.065358e-06	-6.066341e-05
0.000000e+00	8.517518e-01	0.000000e+00	2.814400e-06	9.027239e-07	1.325314e-06	-5.366328e-05
4.954955e-02	8.500000e-01	0.000000e+00	-3.115975e-07	9.222412e-07	9.099652e-07	-3.628436e-05
7.957958e-02	8.500000e-01	0.000000e+00	-4.466487e-07	9.099230e-07	6.407540e-07	-2.527624e-05
1.096096e-01	8.500000e-01	0.000000e+00	-3.359133e-07	8.976085e-07	3.687396e-07	-1.442367e-05
1.396396e-01	8.500000e-01	0.000000e+00	-9.309104e-08	8.908809e-07	9.473863e-08	-3.689806e-06
1.696697e-01	8.500000e-01	0.000000e+00	1.771529e-07	8.921917e-07	-1.798003e-07	7.010419e-06
1.996997e-01	8.500000e-01	0.000000e+00	3.919820e-07	9.010885e-07	-4.533142e-07	1.777391e-05
2.297297e-01	8.500000e-01	0.000000e+00	4.368521e-07	9.141779e-07	-7.244773e-07	2.867478e-05
2.597598e-01	8.500000e-01	0.000000e+00	2.059023e-07	9.248874e-07	-9.928852e-07	3.972720e-05
3.000000e-01	9.018519e-01	0.000000e+00	-2.193112e-06	4.770350e-07	-1.140830e-06	2.832102e-05
2.510511e-01	9.000000e-01	0.000000e+00	4.194927e-07	5.028084e-07	-7.882207e-07	1.931825e-05
2.210210e-01	9.000000e-01	0.000000e+00	5.879471e-07	4.866557e-07	-5.547272e-07	1.337152e-05
1.909910e-01	9.000000e-01	0.000000e+00	4.183093e-07	4.711425e-07	-3.201605e-07	7.625836e-06
1.609610e-01	9.000000e-01	0.000000e+00	1.176759e-07	4.629342e-07	-8.556349e-08	2.027034e-06
1.309309e-01	9.000000e-01	0.000000e+00	-2.010708e-07	4.642122e-07	1.489463e-07	-3.529349e-06
1.009009e-01	9.000000e-01	0.000000e+00	-4.841885e-07	4.747295e-07	3.835027e-07	-9.158284e-06
7.087087e-02	9.000000e-01	0.000000e+00	-5.921111e-07	4.912317e-07	6.179949e-07	-1.495556e-05
4.084084e-02	9.000000e-01	0.000000e+00	-2.847320e-07	5.054614e-07	8.511169e-07	-2.095045e-05
0.000000e+00	9.519520e-01	0.000000e+00	-1.765084e-06	1.269133e-07	7.648609e-07	-8.423050e-06
4.834835e-02	9.500000e-01	0.000000e+00	-4.264307e-07	1.650538e-07	5.299356e-07	-5.890585e-06
7.837838e-02	9.500000e-01	0.000000e+00	-4.593107e-07	1.508885e-07	3.664841e-07	-3.995435e-06
1.084084e-01	9.500000e-01	0.000000e+00	-2.750320e-07	1.398720e-07	2.094483e-07	-2.258560e-06
1.384384e-01	9.500000e-01	0.000000e+00	-7.955709e-08	1.346582e-07	5.774691e-08	-6.198186e-07
1.684685e-01	9.500000e-01	0.000000e+00	1.217712e-07	1.353334e-07	-9.232088e-08	9.917255e-07
1.984985e-01	9.500000e-01	0.000000e+00	3.206624e-07	1.419231e-07	-2.449611e-07	2.646789e-06
2.285285e-01	9.500000e-01	0.000000e+00	4.813064e-07	1.541852e-07	-4.035793e-07	4.416274e-06
2.585586e-01	9.500000e-01	0.000000e+00	3.292814e-07	1.678532e-07	-5.681123e-07	6.351816e-06
3.000000e-01	9.468969e-01	0.000000e+00	8.720145e-06	1.573458e-07	-8.157152e-07	1.005996e-05
0.000000e+00	0.000000e+00	0.000000e+00	2.071220e-06	9.528334e-06	1.552687e-06	-5.711951e-04
0.000000e+00	2.500625e-02	0.000000e+00	-7.060222e-07	9.266263e-06	1.527898e-06	-5.555432e-04
0.000000e+00	5.001250e-02	0.000000e+00	-1.016307e-07	9.004553e-06	1.518968e-06	-5.400585e-04
0.000000e+00	7.501875e-02	0.000000e+00	-3.742957e-07	8.744998e-06	1.514962e-06	-5.246302e-04
0.000000e+00	1.000250e-01	0.000000e+00	-7.116018e-08	8.488912e-06	1.513313e-06	-5.092430e-04
0.000000e+00	1.250313e-01	0.000000e+00	1.850741e-07	8.231732e-06	1.510795e-06	-4.938747e-04
0.000000e+00	1.500375e-01	0.000000e+00	-4.398239e-07	7.975985e-06	1.510144e-06	-4.785208e-04
0.000000e+00	1.750438e-01	0.000000e+00	-2.957458e-08	7.719276e-06	1.509715e-06	-4.631775e-04
0.000000e+00	2.000500e-01	0.000000e+00	-3.269809e-08	7.463581e-06	1.509178e-06	-4.478417e-04
0.000000e+00	2.250563e-01	0.000000e+00	5.248347e-07	7.208689e-06	1.506664e-06	-4.325093e-04
0.000000e+00	2.500625e-01	0.000000e+00	-8.973308e-09	6.952304e-06	1.508766e-06	-4.171785e-04
0.000000e+00	2.750688e-01	0.000000e+00	7.964648e-08	6.697062e-06	1.508474e-06	-4.018527e-04
0.000000e+00	3.000750e-01	0.000000e+00	1.052072e-07	6.441706e-06	1.508017e-06	-3.865275e-04
0.000000e+00	3.250813e-01	0.000000e+00	-3.582981e-08	6.186573e-06	1.508236e-06	-3.712043e-04
0.000000e+00	3.500875e-01	0.000000e+00	3.431811e-07	5.930528e-06	1.507679e-06	-3.558820e-04
0.000000e+00	3.750938e-01	0.000000e+00	-4.717049e-07	5.676278e-06	1.506789e-06	-3.405614e-04
0.000000e+00	4.001000e-01	0.000000e+00	8.805674e-08	5.420372e-06	1.507698e-06	-3.252399e-04
0.000000e+00	4.251063e-01	0.000000e+00	5.170957e-07	5.164468e-06	1.506666e-06	-3.099199e-04
0.000000e+00	4.501125e-01	0.000000e+00	2.799842e-07	4.909300e-06	1.507285e-06	-2.946025e-04
0.000000e+00	4.751188e-01	0.000000e+00	-1.556443e-08	4.654111e-06	1.507162e-06	-2.792874e-04
0.000000e+00	5.001250e-01	0.000000e+00	9.212501e-08	4.399528e-06	1.506825e-06	-2.639766e-04
0.000000e+00	5.251313e-01	0.000000e+00	2.838022e-08	4.144402e-06	1.506408e-06	-2.486679e-04
0.000000e+00	5.501375e-01	0.000000e+00	3.389699e-07	3.889695e-06	1.505440e-06	-2.333673e-04
0.000000e+00	5.751438e-01	0.000000e+00	-5.982791e-07	3.636372e-06	1.503699e-06	-2.180745e-04
0.000000e+00	6.001500e-01	0.000000e+00	-1.240332e-07	3.380131e-06	1.503254e-06	-2.027898e-04
0.000000e+00	6.251563e-01	0.000000e+00	-2.858715e-07	3.127082e-06	1.501264e-06	-1.875287e-04
0.000000e+00	6.501625e-01	0.000000e+00	-1.158409e-07	2.873446e-06	1.497963e-06	-1.722927e-04
0.000000e+00	6.751688e-01	0.000000e+00	-1.518253e-07	2.620853e-06	1.493569e-06	-1.570960e-04
0.000000e+00	7.001750e-01	0.000000e+00	-9.039509e-07	2.370213e-06	1.487724e-06	-1.419536e-04
0.000000e+00	7.251813e-01	0.000000e+00	-3.645331e-07	2.118025e-06	1.478089e-06	-1.268830e-04
0.000000e+00	7.501875e-01	0.000000e+00	-8.547296e-07	1.870607e-06	1.465023e-06	-1.119279e-04
0.000000e+00	7.751938e-01	0.000000e+00	-6.880950e-07	1.624558e-06	1.446898e-06	-9.712997e-05
0.000000e+00	8.002001e-01	0.000000e+00	-6.993473e-07	1.383736e-06	1.419229e-06	-8.255719e-05
0.000000e+00	8.252063e-01	0.000000e+00	-1.707714e-06	1.147039e-06	1.383423e-06	-6.830102e-05
0.000000e+00	8.502126e-01	0.000000e+00	-2.526795e-06	9.173755e-07	1.329520e-06	-5.449532e-05
0.000000e+00	8.752188e-01	0.000000e+00	-3.612604e-06	6.977641e-07	1.255872e-06	-4.132959e-05
0.000000e+00	9.002251e-01	0.000000e+00	-5.130416e-06	4.902968e-07	1.150004e-06	-2.907083e-05
0.000000e+00	9.252313e-01	0.000000e+00	-6.815790e-06	2.999040e-07	9.984686e-07	-1.809822e-05
0.000000e+00	9.502376e-01	0.000000e+00	-1.036097e-05	1.369522e-07	7.828972e-07	-8.963539e-06
0.000000e+00	9.752438e-01	0.000000e+00	-1.541757e-05	1.528283e-08	4.666892e-07	-2.487939e-06
1.250313e-05	1.000000e+00	0.000000e+00	-3.978669e-20	-2.101543e-22	-2.132151e-22	-2.101902e-22
5.000000e-02	9.994999e-01	0.000000e+00	-9.347919e-06	2.786198e-10	7.009601e-09	-1.101346e-09
5.000000e-02	9.744936e-01	0.000000e+00	-1.014974e-05	5.110694e-08	3.081128e-07	-1.657254e-06
5.000000e-02	9.494874e-01	0.000000e+00	-7.177113e-06	1.671604e-07	5.245757e-07	-5.889143e-06
5.000000e-02	9.244811e-01	0.000000e+00	-5.102999e-06	3.229687e-07	6.761461e-07	-1.194221e-05
5.000000e-02	8.994749e-01	0.000000e+00	-3.564313e-06	5.062520e-07	7.820338e-07	-1.926828e-05
5.000000e-02	8.744686e-01	0.000000e+00	-2.423759e-06	7.093593e-07	8.556649e-07	-2.748196e-05
5.000000e-02	8.494624e-01	0.000000e+00	-1.693748e-06	9.268999e-07	9.068553e-07	-3.631313e-05
5.000000e-02	8.244561e-01	0.000000e+00	-1.186484e-06	1.154955e-06	9.424219e-07	-4.557302e-05
5.000000e-02	7.994499e-01	0.000000e+00	-7.964348e-07	1.390703e-06	9.670047e-07	-5.512998e-05
5.000000e-02	7.744436e-01	0.000000e+00	-5.564163e-07	1.632005e-06	9.839644e-07	-6.489222e-05
5.000000e-02	7.494374e-01	0.000000e+00	-3.863812e-07	1.877317e-06	9.956679e-07	-7.479608e-05
5.000000e-02	7.244311e-01	0.000000e+00	-2.682027e-07	2.125527e-06	1.003718e-06	-8.479751e-05
5.000000e-02	6.994249e-01	0.000000e+00	-1.795602e-07	2.375798e-06	1.009260e-06	-9.486600e-05
5.000000e-02	6.744186e-01	0.000000e+00	-1.244800e-07	2.627560e-06	1.013077e-06	-1.049807e-04
5.000000e-02	6.494124e-01	0.000000e+00	-8.576710e-08	2.880374e-06	1.015688e-06	-1.151272e-04
5.000000e-02	6.244061e-01	0.000000e+00	-5.923471e-08	3.133930e-06	1.017472e-06	-1.252954e-04
5.000000e-02	5.993998e-01	0.000000e+00	-3.956755e-08	3.388030e-06	1.018688e-06	-1.354784e-04
5.000000e-02	5.743936e-01	0.000000e+00	-2.742917e-08	3.642502e-06	1.019516e-06	-1.456714e-04
5.000000e-02	5.493873e-01	0.000000e+00	-1.895889e-08	3.897240e-06	1.020096e-06	-1.558714e-04
5.000000e-02	5.243811e-01	0.000000e+00	-1.244723e-08	4.152159e-06	1.020481e-06	-1.660762e-04
5.000000e-02	4.993748e-01	0.000000e+00	-8.590932e-09	4.407191e-06	1.020740e-06	-1.762842e-04
5.000000e-02	4.743686e-01	0.000000e+00	-5.874718e-09	4.662315e-06	1.020921e-06	-1.864943e-04
5.000000e-02	4.493623e-01	0.000000e+00	-4.239492e-09	4.917505e-06	1.021047e-06	-1.967059e-04
5.000000e-02	4.243561e-01	0.000000e+00	-2.866740e-09	5.172754e-06	1.021135e-06	-2.069186e-04
5.000000e-02	3.993498e-01	0.000000e+00	-2.358271e-09	5.428037e-06	1.021198e-06	-2.171320e-04
5.000000e-02	3.743436e-01	0.000000e+00	-2.043138e-09	5.683352e-06	1.021255e-06	-2.273460e-04
5.000000e-02	3.493373e-01	0.000000e+00	-1.656541e-09	5.938695e-06	1.021301e-06	-2.375606e-04
5.000000e-02	3.243311e-01	0.000000e+00	-1.923928e-09	6.194055e-06	1.021344e-06	-2.477755e-04
5.000000e-02	2.993248e-01	0.000000e+00	-2.519216e-09	6.449440e-06	1.021400e-06	-2.579910e-04
5.000000e-02	2.743186e-01	0.000000e+00	-3.348473e-09	6.704858e-06	1.021473e-06	-2.682071e-04
5.000000e-02	2.493123e-01	0.000000e+00	-4.102795e-09	6.960323e-06	1.021567e-06	-2.784240e-04
5.000000e-02	2.243061e-01	0.000000e+00	-6.171540e-09	7.215843e-06	1.021692e-06	-2.886420e-04
5.000000e-02	1.992998e-01	0.000000e+00	-9.926136e-09	7.471428e-06	1.021896e-06	-2.988616e-04
5.000000e-02	1.742936e-01	0.000000e+00	-1.378403e-08	7.727113e-06	1.022189e-06	-3.090837e-04
5.000000e-02	1.492873e-01	0.000000e+00	-1.960232e-08	7.982934e-06	1.022600e-06	-3.193092e-04
5.000000e-02	1.242811e-01	0.000000e+00	-2.843492e-08	8.238948e-06	1.023204e-06	-3.295398e-04
5.000000e-02	9.927482e-02	0.000000e+00	-4.111389e-08	8.495255e-06	1.024073e-06	-3.397776e-04
5.000000e-02	7.426857e-02	0.000000e+00	-5.619398e-08	8.751968e-06	1.025284e-06	-3.500258e-04
5.000000e-02	4.926232e-02	0.000000e+00	-7.668309e-08	9.009254e-06	1.026947e-06	-3.602881e-04
5.000000e-02	2.425606e-02	0.000000e+00	-5.411694e-08	9.267529e-06	1.028925e-06	-3.705693e-04
5.003751e-02	0.000000e+00	0.000000e+00	6.055709e-06	9.495505e-06	1.028187e-06	-3.804127e-04
1.000000e-01	1.000250e-03	0.000000e+00	-5.174732e-06	9.486141e-06	5.136530e-07	-1.900352e-04
1.000000e-01	2.600650e-02	0.000000e+00	-1.280797e-08	9.245074e-06	5.133727e-07	-1.849004e-04
1.000000e-01	5.101275e-02	0.000000e+00	-2.525508e-08	8.988263e-06	5.128635e-07	-1.797682e-04
1.000000e-01	7.601900e-02	0.000000e+00	-2.339958e-08	8.731852e-06	5.122424e-07	-1.746420e-04
1.000000e-01	1.010253e-01	0.000000e+00	-1.801293e-08	8.475764e-06	5.117337e-07	-1.695215e-04
1.000000e-01	1.260315e-01	0.000000e+00	-1.166975e-08	8.219904e-06	5.113701e-07	-1.644054e-04
1.000000e-01	1.510378e-01	0.000000e+00	-7.867626e-09	7.964204e-06	5.111249e-07	-1.592923e-04
1.000000e-01	1.760440e-01	0.000000e+00	-5.428949e-09	7.708615e-06	5.109622e-07	-1.541812e-04
1.000000e-01	2.010503e-01	0.000000e+00	-3.580435e-09	7.453103e-06	5.108544e-07	-1.490715e-04
1.000000e-01	2.260565e-01	0.000000e+00	-2.090712e-09	7.197646e-06	5.107854e-07	-1.439626e-04
1.000000e-01	2.510628e-01	0.000000e+00	-1.268074e-09	6.942226e-06	5.107435e-07	-1.388542e-04
1.000000e-01	2.760690e-01	0.000000e+00	-8.656717e-10	6.686829e-06	5.107177e-07	-1.337462e-04
1.000000e-01	3.010753e-01	0.000000e+00	-6.227057e-10	6.431449e-06	5.107002e-07	-1.286384e-04
1.000000e-01	3.260815e-01	0.000000e+00	-4.495383e-10	6.176084e-06	5.106873e-07	-1.235307e-04
1.000000e-01	3.510878e-01	0.000000e+00	-4.289949e-10	5.920730e-06	5.106762e-07	-1.184232e-04
1.000000e-01	3.760940e-01	0.000000e+00	-5.225944e-10	5.665388e-06	5.106644e-07	-1.133157e-04
1.000000e-01	4.011003e-01	0.000000e+00	-5.913759e-10	5.410058e-06	5.106506e-07	-1.082084e-04
1.000000e-01	4.261065e-01	0.000000e+00	-8.010867e-10	5.154742e-06	5.106331e-07	-1.031013e-04
1.000000e-01	4.511128e-01	0.000000e+00	-1.228031e-09	4.899443e-06	5.106076e-07	-9.799434e-05
1.000000e-01	4.761190e-01	0.000000e+00	-2.056659e-09	4.644168e-06	5.105675e-07	-9.288771e-05
1.000000e-01	5.011253e-01	0.000000e+00	-3.118536e-09	4.388928e-06	5.105040e-07	-8.778160e-05
1.000000e-01	5.261315e-01	0.000000e+00	-4.763810e-09	4.133739e-06	5.104060e-07	-8.267628e-05
1.000000e-01	5.511378e-01	0.000000e+00	-7.118046e-09	3.878628e-06	5.102570e-07	-7.757217e-05
1.000000e-01	5.761440e-01	0.000000e+00	-1.110035e-08	3.623633e-06	5.100344e-07	-7.246990e-05
1.000000e-01	6.011503e-01	0.000000e+00	-1.588456e-08	3.368808e-06	5.097044e-07	-6.737035e-05
1.000000e-01	6.261565e-01	0.000000e+00	-2.372560e-08	3.114229e-06	5.092114e-07	-6.227484e-05
1.000000e-01	6.511628e-01	0.000000e+00	-3.551819e-08	2.860013e-06	5.084686e-07	-5.718541e-05
1.000000e-01	6.761690e-01	0.000000e+00	-5.640909e-08	2.606337e-06	5.073478e-07	-5.210517e-05
1.000000e-01	7.011753e-01	0.000000e+00	-8.117300e-08	2.353454e-06	5.056674e-07	-4.703871e-05
1.000000e-01	7.261815e-01	0.000000e+00	-1.195028e-07	2.101725e-06	5.031634e-07	-4.199286e-05
1.000000e-01	7.511878e-01	0.000000e+00	-1.773837e-07	1.851682e-06	4.994336e-07	-3.697774e-05
1.000000e-01	7.761940e-01	0.000000e+00	-2.758412e-07	1.604104e-06	4.938660e-07	-3.200845e-05
1.000000e-01	8.012003e-01	0.000000e+00	-3.989238e-07	1.360115e-06	4.855631e-07	-2.710748e-05
1.000000e-01	8.262066e-01	0.000000e+00	-5.855769e-07	1.121353e-06	4.732526e-07	-2.230810e-05
1.000000e-01	8.512128e-01	0.000000e+00	-8.682647e-07	8.901520e-07	4.550122e-07	-1.765949e-05
1.000000e-01	8.762191e-01	0.000000e+00	-1.335237e-06	6.699374e-07	4.280257e-07	-1.323421e-05
1.000000e-01	9.012253e-01	0.000000e+00	-1.881774e-06	4.656228e-07	3.882209e-07	-9.138520e-06
1.000000e-01	9.262316e-01	0.000000e+00	-2.754875e-06	2.842742e-07	3.303960e-07	-5.525361e-06
1.000000e-01	9.512378e-01	0.000000e+00	-3.889038e-06	1.360907e-07	2.479177e-07	-2.607942e-06
1.000000e-01	9.762441e-01	0.000000e+00	-5.168818e-06	3.559274e-08	1.351254e-07	-6.633083e-07
1.000625e-01	1.000000e+00	0.000000e+00	2.223817e-19	-2.028519e-22	-2.028519e-22	-2.028519e-22
1.500000e-01	2.325581e-02	0.000000e+00	3.723002e-08	9.272005e-06	7.834130e-11	-6.015261e-09
1.500000e-01	4.826207e-02	0.000000e+00	-1.949116e-10	9.015527e-06	6.350172e-11	-5.639914e-09
1.500000e-01	7.326832e-02	0.000000e+00	-2.234436e-11	8.759280e-06	6.165482e-11	-5.301607e-09
1.500000e-01	9.827457e-02	0.000000e+00	1.921693e-11	8.503302e-06	6.184327e-11	-4.969424e-09
1.500000e-01	1.232808e-01	0.000000e+00	-1.139048e-10	8.247545e-06	6.180398e-11	-4.637591e-09
1.500000e-01	1.482871e-01	0.000000e+00	-2.831813e-10	7.991941e-06	5.973553e-11	-4.317293e-09
1.500000e-01	1.732933e-01	0.000000e+00	-2.122269e-10	7.736436e-06	5.701798e-11	-4.020944e-09
1.500000e-01	1.982996e-01	0.000000e+00	-2.142040e-11	7.480993e-06	5.414822e-11	-3.754930e-09
1.500000e-01	2.233058e-01	0.000000e+00	-4.638084e-12	7.225589e-06	5.228382e-11	-3.514210e-09
1.500000e-01	2.483121e-01	0.000000e+00	-2.010753e-11	6.970209e-06	5.182723e-11	-3.285813e-09
1.500000e-01	2.733183e-01	0.000000e+00	2.161904e-11	6.714842e-06	5.248501e-11	-3.056238e-09
1.500000e-01	2.983246e-01	0.000000e+00	6.433671e-11	6.459483e-06	5.368872e-11	-2.817448e-09
1.500000e-01	3.233308e-01	0.000000e+00	6.854165e-11	6.204130e-06	5.509838e-11	-2.566204e-09
1.500000e-01	3.483371e-01	0.000000e+00	6.103379e-11	5.948780e-06	5.672172e-11	-2.300116e-09
1.500000e-01	3.733433e-01	0.000000e+00	6.329235e-11	5.693434e-06	5.854832e-11	-2.016233e-09
1.500000e-01	3.983496e-01	0.000000e+00	6.925650e-11	5.438092e-06	6.026063e-11	-1.713440e-09
1.500000e-01	4.233558e-01	0.000000e+00	2.988405e-11	5.182755e-06	6.123303e-11	-1.396071e-09
1.500000e-01	4.483621e-01	0.000000e+00	-6.252763e-11	4.927425e-06	6.092429e-11	-1.074787e-09
1.500000e-01	4.733683e-01	0.000000e+00	-1.263093e-10	4.672106e-06	5.926784e-11	-7.632482e-10
1.500000e-01	4.983746e-01	0.000000e+00	-6.344906e-11	4.416805e-06	5.666972e-11	-4.735858e-10
1.500000e-01	5.233808e-01	0.000000e+00	-6.172264e-11	4.161533e-06	5.341687e-11	-2.147019e-10
1.500000e-01	5.483871e-01	0.000000e+00	-3.022031e-10	3.906308e-06	4.945463e-11	6.786200e-12
1.500000e-01	5.733933e-01	0.000000e+00	-3.678966e-10	3.651155e-06	4.531112e-11	1.882274e-10
1.500000e-01	5.983996e-01	0.000000e+00	2.156884e-10	3.396114e-06	4.255226e-11	3.354536e-10
1.500000e-01	6.234059e-01	0.000000e+00	3.963152e-10	3.141242e-06	4.152349e-11	4.607051e-10
1.500000e-01	6.484121e-01	0.000000e+00	-7.745926e-10	2.886632e-06	4.018603e-11	5.728919e-10
1.500000e-01	6.734184e-01	0.000000e+00	-1.227584e-09	2.632419e-06	3.739888e-11	6.720517e-10
1.500000e-01	6.984246e-01	0.000000e+00	1.509068e-09	2.378815e-06	3.660046e-11	7.564987e-10
1.500000e-01	7.234309e-01	0.000000e+00	2.179284e-09	2.126133e-06	3.765304e-11	8.254912e-10
1.500000e-01	7.484371e-01	0.000000e+00	-2.713867e-09	1.874844e-06	3.278350e-11	8.703249e-10
1.500000e-01	7.734434e-01	0.000000e+00	-5.484926e-09	1.625665e-06	1.957375e-11	8.700586e-10
1.500000e-01	7.984496e-01	0.000000e+00	4.936929e-09	1.379662e-06	2.296200e-11	8.399125e-10
1.500000e-01	8.234559e-01	0.000000e+00	8.953896e-09	1.138464e-06	2.695750e-11	7.468781e-10
1.500000e-01	8.484621e-01	0.000000e+00	-1.505352e-08	9.044686e-07	3.166869e-11	5.821659e-10
1.500000e-01	8.734684e-01	0.000000e+00	-3.846968e-09	6.812765e-07	1.720599e-11	3.868992e-10
1.500000e-01	8.984746e-01	0.000000e+00	-1.104311e-09	4.741843e-07	1.012353e-11	2.162799e-10
1.500000e-01	9.234809e-01	0.000000e+00	9.149628e-10	2.908410e-07	1.432288e-11	-1.348406e-11
1.500000e-01	9.484871e-01	0.000000e+00	-1.527438e-08	1.418498e-07	3.864347e-11	1.721862e-11
1.500000e-01	9.734934e-01	0.000000e+00	-8.057318e-09	4.038279e-08	1.969557e-11	-1.491193e-12
1.500000e-01	9.984996e-01	0.000000e+00	1.555849e-07	5.186472e-10	-2.985763e-11	2.404672e-11
2.000000e-01	9.772443e-01	0.000000e+00	5.201017e-06	3.277266e-08	-1.299473e-07	6.100580e-07
2.000000e-01	9.522381e-01	0.000000e+00	3.911555e-06	1.310530e-07	-2.439945e-07	2.509477e-06
2.000000e-01	9.272318e-01	0.000000e+00	2.781535e-06	2.776511e-07	-3.276194e-07	5.393965e-06
2.000000e-01	9.022256e-01	0.000000e+00	1.925514e-06	4.579129e-07	-3.863365e-07	8.984279e-06
2.000000e-01	8.772193e-01	0.000000e+00	1.341042e-06	6.614763e-07	-4.266831e-07	1.306442e-05
2.000000e-01	8.522131e-01	0.000000e+00	9.175723e-07	8.811559e-07	-4.541136e-07	1.747922e-05
2.000000e-01	8.272068e-01	0.000000e+00	5.906203e-07	1.111977e-06	-4.726321e-07	2.212073e-05
2.000000e-01	8.022006e-01	0.000000e+00	4.067035e-07	1.350481e-06	-4.851149e-07	2.691526e-05
2.000000e-01	7.771943e-01	0.000000e+00	2.785252e-07	1.594284e-06	-4.935256e-07	3.181288e-05
2.000000e-01	7.521880e-01	0.000000e+00	1.887998e-07	1.841734e-06	-4.991823e-07	3.677982e-05
2.000000e-01	7.271818e-01	0.000000e+00	1.202832e-07	2.091692e-06	-5.029703e-07	4.179330e-05
2.000000e-01	7.021755e-01	0.000000e+00	8.108113e-08	2.343360e-06	-5.055073e-07	4.683797e-05
2.000000e-01	6.771693e-01	0.000000e+00	5.694158e-08	2.596201e-06	-5.072082e-07	5.190353e-05
2.000000e-01	6.521630e-01	0.000000e+00	3.814833e-08	2.849843e-06	-5.083462e-07	5.698306e-05
2.000000e-01	6.271568e-01	0.000000e+00	2.395620e-08	3.104035e-06	-5.091027e-07	6.207192e-05
2.000000e-01	6.021505e-01	0.000000e+00	1.599573e-08	3.358600e-06	-5.096040e-07	6.716697e-05
2.000000e-01	5.771443e-01	0.000000e+00	1.083461e-08	3.613418e-06	-5.099352e-07	7.226612e-05
2.000000e-01	5.521380e-01	0.000000e+00	7.273474e-09	3.868408e-06	-5.101538e-07	7.736797e-05
2.000000e-01	5.271318e-01	0.000000e+00	4.640572e-09	4.123517e-06	-5.102992e-07	8.247160e-05
2.000000e-01	5.021255e-01	0.000000e+00	2.980200e-09	4.378710e-06	-5.103952e-07	8.757643e-05
2.000000e-01	4.771193e-01	0.000000e+00	1.959811e-09	4.633957e-06	-5.104557e-07	9.268203e-05
2.000000e-01	4.521130e-01	0.000000e+00	1.202979e-09	4.889241e-06	-5.104927e-07	9.778810e-05
2.000000e-01	4.271068e-01	0.000000e+00	7.872824e-10	5.144547e-06	-5.105165e-07	1.028945e-04
2.000000e-01	4.021005e-01	0.000000e+00	6.666126e-10	5.399869e-06	-5.105348e-07	1.080010e-04
2.000000e-01	3.770943e-01	0.000000e+00	5.967225e-10	5.655204e-06	-5.105507e-07	1.131078e-04
2.000000e-01	3.520880e-01	0.000000e+00	4.730149e-10	5.910550e-06	-5.105636e-07	1.182147e-04
2.000000e-01	3.270818e-01	0.000000e+00	4.214568e-10	6.165903e-06	-5.105743e-07	1.233217e-04
2.000000e-01	3.020755e-01	0.000000e+00	5.435152e-10	6.421263e-06	-5.105863e-07	1.284288e-04
2.000000e-01	2.770693e-01	0.000000e+00	8.824668e-10	6.676634e-06	-5.106036e-07	1.335360e-04
2.000000e-01	2.520630e-01	0.000000e+00	1.399245e-09	6.932021e-06	-5.106307e-07	1.386435e-04
2.000000e-01	2.270568e-01	0.000000e+00	2.048084e-09	7.187433e-06	-5.106731e-07	1.437513e-04
2.000000e-01	2.020505e-01	0.000000e+00	3.147036e-09	7.442882e-06	-5.107383e-07	1.488596e-04
2.000000e-01	1.770443e-01	0.000000e+00	5.091898e-09	7.698386e-06	-5.108381e-07	1.539688e-04
2.000000e-01	1.520380e-01	0.000000e+00	7.678033e-09	7.953966e-06	-5.109918e-07	1.590792e-04
2.000000e-01	1.270318e-01	0.000000e+00	1.164674e-08	8.209656e-06	-5.112295e-07	1.641915e-04
2.000000e-01	1.020255e-01	0.000000e+00	1.677868e-08	8.465503e-06	-5.115882e-07	1.693068e-04
2.000000e-01	7.701925e-02	0.000000e+00	2.330859e-08	8.721582e-06	-5.120969e-07	1.744264e-04
2.000000e-01	5.201300e-02	0.000000e+00	2.476287e-08	8.977984e-06	-5.127156e-07	1.795517e-04
2.000000e-01	2.700675e-02	0.000000e+00	1.337905e-08	9.234780e-06	-5.132312e-07	1.846830e-04
2.000000e-01	2.000500e-03	0.000000e+00	-3.852824e-06	9.482107e-06	-5.129653e-07	1.898178e-04
2.001125e-01	1.000000e+00	0.000000e+00	1.485066e-19	-2.156541e-22	-2.156541e-22	-2.156541e-22
2.500000e-01	9.974994e-01	0.000000e+00	1.308606e-05	1.474497e-09	-3.414901e-08	1.904499e-08
2.500000e-01	9.724931e-01	0.000000e+00	9.913422e-06	5.872359e-08	-3.284151e-07	1.912427e-06
2.500000e-01	9.474869e-01	0.000000e+00	7.099742e-06	1.785929e-07	-5.387506e-07	6.316251e-06
2.500000e-01	9.224806e-01	0.000000e+00	4.818881e-06	3.369887e-07	-6.860666e-07	1.248989e-05
2.500000e-01	8.974744e-01	0.000000e+00	3.396205e-06	5.220479e-07	-7.888396e-07	1.989980e-05
2.500000e-01	8.724681e-01	0.000000e+00	2.380188e-06	7.264124e-07	-8.604338e-07	2.817170e-05
2.500000e-01	8.474619e-01	0.000000e+00	1.667027e-06	9.448704e-07	-9.101721e-07	3.704327e-05
2.500000e-01	8.224556e-01	0.000000e+00	1.127972e-06	1.173630e-06	-9.446592e-07	4.633111e-05
2.500000e-01	7.974494e-01	0.000000e+00	7.837341e-07	1.409868e-06	-9.684996e-07	5.590712e-05
2.500000e-01	7.724431e-01	0.000000e+00	5.446178e-07	1.651529e-06	-9.849719e-07	6.568237e-05
2.500000e-01	7.474369e-01	0.000000e+00	3.785903e-07	1.897097e-06	-9.963395e-07	7.559514e-05
2.500000e-01	7.224306e-01	0.000000e+00	2.538472e-07	2.145486e-06	-1.004157e-06	8.560261e-05
2.500000e-01	6.974244e-01	0.000000e+00	1.765569e-07	2.395897e-06	-1.009528e-06	9.567519e-05
2.500000e-01	6.724181e-01	0.000000e+00	1.222568e-07	2.647740e-06	-1.013219e-06	1.057925e-04
2.500000e-01	6.474119e-01	0.000000e+00	8.496123e-08	2.900608e-06	-1.015752e-06	1.159406e-04
2.500000e-01	6.224056e-01	0.000000e+00	5.644938e-08	3.154206e-06	-1.017487e-06	1.261097e-04
2.500000e-01	5.973993e-01	0.000000e+00	3.865859e-08	3.408324e-06	-1.018675e-06	1.362933e-04
2.500000e-01	5.723931e-01	0.000000e+00	2.625244e-08	3.662816e-06	-1.019483e-06	1.464867e-04
2.500000e-01	5.473868e-01	0.000000e+00	1.867087e-08	3.917561e-06	-1.020029e-06	1.566868e-04
2.500000e-01	5.223806e-01	0.000000e+00	1.283828e-08	4.172492e-06	-1.020422e-06	1.668915e-04
2.500000e-01	4.973743e-01	0.000000e+00	8.431872e-09	4.427561e-06	-1.020686e-06	1.770995e-04
2.500000e-01	4.723681e-01	0.000000e+00	5.521013e-09	4.682720e-06	-1.020858e-06	1.873096e-04
2.500000e-01	4.473618e-01	0.000000e+00	4.168449e-09	4.937947e-06	-1.020977e-06	1.975211e-04
2.500000e-01	4.223556e-01	0.000000e+00	2.300277e-09	5.193231e-06	-1.021053e-06	2.077337e-04
2.500000e-01	3.973493e-01	0.000000e+00	2.425229e-09	5.448539e-06	-1.021113e-06	2.179468e-04
2.500000e-01	3.723431e-01	0.000000e+00	1.431612e-09	5.703875e-06	-1.021162e-06	2.281605e-04
2.500000e-01	3.473368e-01	0.000000e+00	1.243105e-09	5.959220e-06	-1.021193e-06	2.383747e-04
2.500000e-01	3.223306e-01	0.000000e+00	1.400937e-09	6.214576e-06	-1.021225e-06	2.485891e-04
2.500000e-01	2.973243e-01	0.000000e+00	2.118593e-09	6.469950e-06	-1.021268e-06	2.588039e-04
2.500000e-01	2.723181e-01	0.000000e+00	3.076582e-09	6.725352e-06	-1.021334e-06	2.690192e-04
2.500000e-01	2.473118e-01	0.000000e+00	4.653383e-09	6.980793e-06	-1.021426e-06	2.792353e-04
2.500000e-01	2.223056e-01	0.000000e+00	6.902407e-09	7.236281e-06	-1.021567e-06	2.894525e-04
2.500000e-01	1.972993e-01	0.000000e+00	9.857509e-09	7.491848e-06	-1.021775e-06	2.996715e-04
2.500000e-01	1.722931e-01	0.000000e+00	1.430144e-08	7.747522e-06	-1.022078e-06	3.098930e-04
2.500000e-01	1.472868e-01	0.000000e+00	2.106903e-08	8.003355e-06	-1.022512e-06	3.201181e-04
2.500000e-01	1.222806e-01	0.000000e+00	2.969253e-08	8.259400e-06	-1.023132e-06	3.303484e-04
2.500000e-01	9.727432e-02	0.000000e+00	4.237140e-08	8.515736e-06	-1.024027e-06	3.405862e-04
2.500000e-01	7.226807e-02	0.000000e+00	5.852376e-08	8.772487e-06	-1.025288e-06	3.508348e-04
2.500000e-01	4.726182e-02	0.000000e+00	7.646120e-08	9.029848e-06	-1.027003e-06	3.610981e-04
2.500000e-01	2.225556e-02	0.000000e+00	1.246566e-07	9.288260e-06	-1.028882e-06	3.713801e-04
2.501375e-01	0.000000e+00	0.000000e+00	5.911184e-06	9.494855e-06	-1.030564e-06	3.810658e-04
3.000000e-01	0.000000e+00	0.000000e+00	-7.589193e-10	9.527894e-06	-1.554953e-06	5.711861e-04
