x	y	z	strain	u	v	w
0.000000e+00	1.001001e-01	0.000000e+00	-1.425234e-07	2.310253e-05	3.026592e-06	-1.385987e-03
0.000000e+00	2.002002e-01	0.000000e+00	-9.634393e-08	2.105045e-05	3.018341e-06	-1.263085e-03
0.000000e+00	3.003003e-01	0.000000e+00	2.006358e-07	1.900488e-05	3.016162e-06	-1.140356e-03
0.000000e+00	4.004004e-01	0.000000e+00	1.624310e-07	1.696029e-05	3.015910e-06	-1.017671e-03
0.000000e+00	5.005005e-01	0.000000e+00	1.854219e-07	1.491582e-05	3.015877e-06	-8.949995e-04
0.000000e+00	6.006006e-01	0.000000e+00	-2.009814e-07	1.287093e-05	3.015978e-06	-7.723227e-04
0.000000e+00	7.007007e-01	0.000000e+00	-1.259987e-06	1.082987e-05	3.015908e-06	-6.496665e-04
0.000000e+00	8.008008e-01	0.000000e+00	1.009828e-06	8.784178e-06	3.011385e-06	-5.270388e-04
0.000000e+00	9.009009e-01	0.000000e+00	-5.736758e-07	6.745852e-06	3.006345e-06	-4.045677e-04
5.000000e-02	9.709710e-02	0.000000e+00	-5.226379e-08	2.316149e-05	2.048351e-06	-9.264255e-04
5.000000e-02	1.971972e-01	0.000000e+00	-2.012228e-08	2.111203e-05	2.043865e-06	-8.445211e-04
5.000000e-02	2.972973e-01	0.000000e+00	-4.379269e-09	1.906633e-05	2.042879e-06	-7.627098e-04
5.000000e-02	3.973974e-01	0.000000e+00	-1.233979e-09	1.702163e-05	2.042650e-06	-6.809188e-04
5.000000e-02	4.974975e-01	0.000000e+00	-4.005134e-10	1.497725e-05	2.042598e-06	-5.991327e-04
5.000000e-02	5.975976e-01	0.000000e+00	1.875236e-10	1.293286e-05	2.042556e-06	-5.173480e-04
5.000000e-02	6.976977e-01	0.000000e+00	-4.723697e-09	1.088866e-05	2.042351e-06	-4.355667e-04
5.000000e-02	7.977978e-01	0.000000e+00	-1.647502e-08	8.845315e-06	2.041544e-06	-3.538032e-04
5.000000e-02	8.978979e-01	0.000000e+00	-7.685689e-08	6.805172e-06	2.037539e-06	-2.721208e-04
1.000000e-01	9.049049e-01	0.000000e+00	-8.771335e-08	6.659687e-06	1.019340e-06	-1.331867e-04
1.000000e-01	8.048048e-01	0.000000e+00	-7.114708e-09	8.701461e-06	1.021025e-06	-1.740432e-04
1.000000e-01	7.047047e-01	0.000000e+00	-1.240408e-09	1.074536e-05	1.021332e-06	-2.149327e-04
1.000000e-01	6.046046e-01	0.000000e+00	-6.765269e-11	1.278969e-05	1.021390e-06	-2.558282e-04
1.000000e-01	5.045045e-01	0.000000e+00	-2.614026e-10	1.483409e-05	1.021430e-06	-2.967251e-04
1.000000e-01	4.044044e-01	0.000000e+00	-1.004202e-10	1.687850e-05	1.021434e-06	-3.376230e-04
1.000000e-01	3.043043e-01	0.000000e+00	-9.065539e-10	1.892302e-05	1.021480e-06	-3.785215e-04
1.000000e-01	2.042042e-01	0.000000e+00	-6.386669e-09	2.096795e-05	1.021762e-06	-4.194251e-04
1.000000e-01	1.041041e-01	0.000000e+00	-3.330236e-08	2.301480e-05	1.023434e-06	-4.603607e-04
1.500000e-01	9.309309e-02	0.000000e+00	7.686151e-08	2.323895e-05	2.450203e-10	-8.089728e-08
1.500000e-01	1.931932e-01	0.000000e+00	-3.321746e-11	2.119251e-05	2.310088e-10	-7.154339e-08
1.500000e-01	2.932933e-01	0.000000e+00	1.241630e-10	1.914783e-05	2.285941e-10	-6.275835e-08
1.500000e-01	3.933934e-01	0.000000e+00	1.298800e-10	1.710338e-05	2.416696e-10	-5.366637e-08
1.500000e-01	4.934935e-01	0.000000e+00	-2.308755e-10	1.505895e-05	2.362091e-10	-4.426376e-08
1.500000e-01	5.935936e-01	0.000000e+00	-1.846594e-10	1.301452e-05	2.084150e-10	-3.567392e-08
1.500000e-01	6.936937e-01	0.000000e+00	-5.621351e-11	1.097011e-05	2.012832e-10	-2.780282e-08
1.500000e-01	7.937938e-01	0.000000e+00	-2.688086e-10	8.925859e-06	1.864956e-10	-2.025250e-08
1.500000e-01	8.938939e-01	0.000000e+00	-1.285266e-10	6.882694e-06	1.549097e-10	-1.381166e-08
2.000000e-01	9.089089e-01	0.000000e+00	-6.387669e-08	6.578124e-06	-1.018886e-06	1.315283e-04
2.000000e-01	8.088088e-01	0.000000e+00	6.319544e-09	8.619704e-06	-1.020625e-06	1.723693e-04
2.000000e-01	7.087087e-01	0.000000e+00	1.024480e-09	1.066355e-05	-1.020927e-06	2.132433e-04
2.000000e-01	6.086086e-01	0.000000e+00	3.512256e-11	1.270785e-05	-1.020981e-06	2.541229e-04
2.000000e-01	5.085085e-01	0.000000e+00	4.154645e-12	1.475228e-05	-1.020978e-06	2.950031e-04
2.000000e-01	4.084084e-01	0.000000e+00	1.627506e-10	1.679676e-05	-1.020960e-06	3.358829e-04
2.000000e-01	3.083083e-01	0.000000e+00	7.838232e-10	1.884129e-05	-1.021006e-06	3.767632e-04
2.000000e-01	2.082082e-01	0.000000e+00	5.614491e-09	2.088614e-05	-1.021270e-06	4.176482e-04
2.000000e-01	1.081081e-01	0.000000e+00	3.095161e-08	2.293279e-05	-1.022805e-06	4.585624e-04
2.500000e-01	8.908909e-02	0.000000e+00	2.202849e-07	2.332575e-05	-2.048571e-06	9.328235e-04
2.500000e-01	1.891892e-01	0.000000e+00	2.182908e-08	2.127571e-05	-2.043509e-06	8.509237e-04
2.500000e-01	2.892893e-01	0.000000e+00	4.159570e-09	1.923007e-05	-2.042393e-06	7.691296e-04
2.500000e-01	3.893894e-01	0.000000e+00	1.272872e-09	1.718536e-05	-2.042240e-06	6.873561e-04
2.500000e-01	4.894895e-01	0.000000e+00	1.384246e-10	1.514072e-05	-2.042221e-06	6.055853e-04
2.500000e-01	5.895896e-01	0.000000e+00	7.526817e-10	1.309627e-05	-2.042153e-06	5.238162e-04
2.500000e-01	6.896897e-01	0.000000e+00	2.960594e-09	1.105210e-05	-2.041980e-06	4.420509e-04
2.500000e-01	7.897898e-01	0.000000e+00	1.454845e-08	9.008619e-06	-2.041261e-06	3.603003e-04
2.500000e-01	8.898899e-01	0.000000e+00	6.930628e-08	6.968126e-06	-2.037775e-06	2.786201e-04
3.003003e-02	0.000000e+00	0.000000e+00	2.282744e-08	2.512540e-05	2.476621e-06	-1.207268e-03
6.006006e-02	0.000000e+00	0.000000e+00	4.035850e-07	2.511004e-05	1.850648e-06	-9.049510e-04
9.009009e-02	0.000000e+00	0.000000e+00	-6.956562e-07	2.510458e-05	1.230421e-06	-6.027673e-04
1.201201e-01	0.000000e+00	0.000000e+00	-1.005648e-07	2.510076e-05	6.139246e-07	-3.006581e-04
1.501502e-01	0.000000e+00	0.000000e+00	8.484624e-09	2.510001e-05	-2.486585e-09	1.419845e-06
1.801802e-01	0.000000e+00	0.000000e+00	2.886434e-07	2.510206e-05	-6.182974e-07	3.034976e-04
2.102102e-01	0.000000e+00	0.000000e+00	7.187506e-07	2.510490e-05	-1.237547e-06	6.056111e-04
2.402402e-01	0.000000e+00	0.000000e+00	4.905593e-07	2.511273e-05	-1.855460e-06	9.077898e-04
2.702703e-01	0.000000e+00	0.000000e+00	-1.088018e-06	2.512362e-05	-2.481448e-06	1.210108e-03
3.000000e-01	2.507508e-02	0.000000e+00	1.419017e-06	2.465699e-05	-3.056252e-06	1.478421e-03
0.000000e+00	5.015015e-02	0.000000e+00	9.096834e-06	2.413259e-05	3.037878e-06	-1.447544e-03
2.912913e-02	5.000000e-02	0.000000e+00	-5.411744e-08	2.413317e-05	2.484698e-06	-1.166517e-03
5.915916e-02	5.000000e-02	0.000000e+00	-1.490948e-07	2.412823e-05	1.865164e-06	-8.766594e-04
8.918919e-02	5.000000e-02	0.000000e+00	-9.354333e-08	2.412459e-05	1.247805e-06	-5.868541e-04
1.192192e-01	5.000000e-02	0.000000e+00	-4.506420e-08	2.412249e-05	6.314911e-07	-2.970830e-04
1.492492e-01	5.000000e-02	0.000000e+00	-1.265861e-09	2.412177e-05	1.564153e-08	-7.328800e-06
1.792793e-01	5.000000e-02	0.000000e+00	4.291154e-08	2.412240e-05	-6.002041e-07	2.824249e-04
2.093093e-01	5.000000e-02	0.000000e+00	9.116122e-08	2.412442e-05	-1.216489e-06	5.721943e-04
2.393393e-01	5.000000e-02	0.000000e+00	1.441384e-07	2.412797e-05	-1.833799e-06	8.619971e-04
2.693694e-01	5.000000e-02	0.000000e+00	1.658585e-07	2.413283e-05	-2.453223e-06	1.151851e-03
3.000000e-01	1.002503e-01	0.000000e+00	-1.138496e-05	2.309921e-05	-3.023457e-06	1.385640e-03
2.714715e-01	1.000000e-01	0.000000e+00	-1.373322e-07	2.310306e-05	-2.488345e-06	1.122303e-03
2.414414e-01	1.000000e-01	0.000000e+00	6.861081e-08	2.310127e-05	-1.872077e-06	8.447985e-04
2.114114e-01	1.000000e-01	0.000000e+00	5.554325e-08	2.309935e-05	-1.256741e-06	5.673173e-04
1.813814e-01	1.000000e-01	0.000000e+00	3.006478e-08	2.309806e-05	-6.419557e-07	2.898558e-04
1.513514e-01	1.000000e-01	0.000000e+00	2.578908e-10	2.309760e-05	-2.740732e-08	1.240496e-05
1.213213e-01	1.000000e-01	0.000000e+00	-2.823616e-08	2.309801e-05	5.871349e-07	-2.650456e-04
9.129129e-02	1.000000e-01	0.000000e+00	-5.573424e-08	2.309926e-05	1.201890e-06	-5.425061e-04
6.126126e-02	1.000000e-01	0.000000e+00	-6.900638e-08	2.310117e-05	1.817168e-06	-8.199860e-04
3.123123e-02	1.000000e-01	0.000000e+00	-4.391663e-08	2.310299e-05	2.433315e-06	-1.097490e-03
0.000000e+00	1.503504e-01	0.000000e+00	1.079776e-05	2.207178e-05	3.019989e-06	-1.324248e-03
2.792793e-02	1.500000e-01	0.000000e+00	2.427219e-07	2.207805e-05	2.497051e-06	-1.078040e-03
5.795796e-02	1.500000e-01	0.000000e+00	-3.357434e-08	2.207727e-05	1.882329e-06	-8.128414e-04
8.798799e-02	1.500000e-01	0.000000e+00	-3.201340e-08	2.207624e-05	1.267977e-06	-5.476549e-04
1.180180e-01	1.500000e-01	0.000000e+00	-1.892176e-08	2.207544e-05	6.539636e-07	-2.824797e-04
1.480480e-01	1.500000e-01	0.000000e+00	-9.290190e-10	2.207512e-05	4.013702e-08	-1.731135e-05
1.780781e-01	1.500000e-01	0.000000e+00	1.682699e-08	2.207536e-05	-5.736732e-07	2.478565e-04
2.081081e-01	1.500000e-01	0.000000e+00	3.017063e-08	2.207608e-05	-1.187642e-06	5.130302e-04
2.381381e-01	1.500000e-01	0.000000e+00	3.247557e-08	2.207706e-05	-1.801937e-06	7.782145e-04
2.681682e-01	1.500000e-01	0.000000e+00	1.424827e-08	2.207781e-05	-2.416643e-06	1.043410e-03
3.000000e-01	2.004505e-01	0.000000e+00	-1.138500e-05	2.104535e-05	-3.014659e-06	1.262632e-03
2.726727e-01	2.000000e-01	0.000000e+00	-3.301185e-07	2.105491e-05	-2.506845e-06	1.033035e-03
2.426426e-01	2.000000e-01	0.000000e+00	1.549199e-08	2.105456e-05	-1.892876e-06	7.801248e-04
2.126126e-01	2.000000e-01	0.000000e+00	1.656681e-08	2.105406e-05	-1.279065e-06	5.272198e-04
1.825826e-01	2.000000e-01	0.000000e+00	1.049754e-08	2.105363e-05	-6.654344e-07	2.743206e-04
1.525526e-01	2.000000e-01	0.000000e+00	1.205277e-09	2.105345e-05	-5.191759e-08	2.142511e-05
1.225225e-01	2.000000e-01	0.000000e+00	-8.992807e-09	2.105358e-05	5.615929e-07	-2.314700e-04
9.249249e-02	2.000000e-01	0.000000e+00	-1.626980e-08	2.105398e-05	1.175208e-06	-4.843684e-04
6.246246e-02	2.000000e-01	0.000000e+00	-1.756805e-08	2.105451e-05	1.789015e-06	-7.372726e-04
3.243243e-02	2.000000e-01	0.000000e+00	-1.489828e-08	2.105499e-05	2.403044e-06	-9.901830e-04
0.000000e+00	2.505506e-01	0.000000e+00	1.218802e-05	2.002093e-05	3.017552e-06	-1.201341e-03
2.672673e-02	2.500000e-01	0.000000e+00	4.250415e-07	2.003276e-05	2.518818e-06	-9.878526e-04
5.675676e-02	2.500000e-01	0.000000e+00	-7.497632e-09	2.003266e-05	1.905096e-06	-7.472187e-04
8.678679e-02	2.500000e-01	0.000000e+00	-8.528721e-09	2.003241e-05	1.291506e-06	-5.065872e-04
1.168168e-01	2.500000e-01	0.000000e+00	-5.743845e-09	2.003219e-05	6.780324e-07	-2.659588e-04
1.468468e-01	2.500000e-01	0.000000e+00	-5.304794e-10	2.003209e-05	6.463072e-08	-2.533229e-05
1.768769e-01	2.500000e-01	0.000000e+00	4.985342e-09	2.003217e-05	-5.487593e-07	2.152941e-04
2.069069e-01	2.500000e-01	0.000000e+00	8.753021e-09	2.003238e-05	-1.162197e-06	4.559222e-04
2.369369e-01	2.500000e-01	0.000000e+00	9.299457e-09	2.003266e-05	-1.775720e-06	6.965534e-04
2.669670e-01	2.500000e-01	0.000000e+00	7.045477e-09	2.003291e-05	-2.389324e-06	9.371878e-04
3.000000e-01	3.006507e-01	0.000000e+00	-1.169534e-05	1.899766e-05	-3.012936e-06	1.139810e-03
2.738739e-01	3.000000e-01	0.000000e+00	-5.039267e-07	1.901139e-05	-2.530051e-06	9.419294e-04
2.438438e-01	3.000000e-01	0.000000e+00	5.713619e-09	1.901124e-05	-1.916598e-06	7.135649e-04
2.138138e-01	3.000000e-01	0.000000e+00	5.621526e-09	1.901106e-05	-1.303175e-06	4.852024e-04
1.837838e-01	3.000000e-01	0.000000e+00	3.760335e-09	1.901092e-05	-6.897922e-07	2.568419e-04
1.537538e-01	3.000000e-01	0.000000e+00	8.901714e-10	1.901085e-05	-7.643915e-08	2.848269e-05
1.237237e-01	3.000000e-01	0.000000e+00	-1.947252e-09	1.901087e-05	5.369136e-07	-1.998762e-04
9.369369e-02	3.000000e-01	0.000000e+00	-3.698608e-09	1.901096e-05	1.150299e-06	-4.282358e-04
6.366366e-02	3.000000e-01	0.000000e+00	-3.478685e-09	1.901107e-05	1.763736e-06	-6.565967e-04
3.363363e-02	3.000000e-01	0.000000e+00	-1.614051e-09	1.901115e-05	2.377220e-06	-8.849587e-04
0.000000e+00	3.507508e-01	0.000000e+00	1.150133e-05	1.797350e-05	3.015970e-06	-1.078521e-03
2.552553e-02	3.500000e-01	0.000000e+00	5.999930e-07	1.798978e-05	2.542647e-06	-8.957621e-04
5.555556e-02	3.500000e-01	0.000000e+00	-1.625160e-09	1.798974e-05	1.929248e-06	-6.796685e-04
8.558559e-02	3.500000e-01	0.000000e+00	-1.673322e-09	1.798969e-05	1.315864e-06	-4.635755e-04
1.156156e-01	3.500000e-01	0.000000e+00	-1.012105e-09	1.798965e-05	7.025074e-07	-2.474831e-04
1.456456e-01	3.500000e-01	0.000000e+00	3.094749e-10	1.798964e-05	8.916894e-08	-3.139102e-05
1.756757e-01	3.500000e-01	0.000000e+00	1.905657e-09	1.798967e-05	-5.241681e-07	1.847012e-04
2.057057e-01	3.500000e-01	0.000000e+00	3.392991e-09	1.798975e-05	-1.137522e-06	4.007941e-04
2.357357e-01	3.500000e-01	0.000000e+00	4.639394e-09	1.798987e-05	-1.750903e-06	6.168882e-04
2.657658e-01	3.500000e-01	0.000000e+00	5.634952e-09	1.799003e-05	-2.364296e-06	8.329839e-04
3.000000e-01	4.008509e-01	0.000000e+00	-1.147037e-05	1.695139e-05	-3.012910e-06	1.017023e-03
2.450450e-01	4.000000e-01	0.000000e+00	3.021056e-09	1.696861e-05	-1.941015e-06	6.450568e-04
2.150150e-01	4.000000e-01	0.000000e+00	2.105742e-09	1.696853e-05	-1.327638e-06	4.412299e-04
1.849850e-01	4.000000e-01	0.000000e+00	1.352849e-09	1.696848e-05	-7.142900e-07	2.374038e-04
1.549550e-01	4.000000e-01	0.000000e+00	5.266998e-10	1.696845e-05	-1.009568e-07	3.357816e-05
1.249249e-01	4.000000e-01	0.000000e+00	-1.944981e-10	1.696845e-05	5.123708e-07	-1.702473e-04
9.489489e-02	4.000000e-01	0.000000e+00	-5.423796e-10	1.696846e-05	1.125701e-06	-3.740728e-04
6.486486e-02	4.000000e-01	0.000000e+00	-3.169061e-10	1.696847e-05	1.739040e-06	-5.778985e-04
3.483483e-02	4.000000e-01	0.000000e+00	4.391174e-10	1.696847e-05	2.352396e-06	-7.817244e-04
0.000000e+00	4.509510e-01	0.000000e+00	1.151092e-05	1.592680e-05	3.015985e-06	-9.557188e-04
5.435435e-02	4.500000e-01	0.000000e+00	7.107721e-10	1.594728e-05	1.953685e-06	-6.101639e-04
8.438438e-02	4.500000e-01	0.000000e+00	-3.684011e-10	1.594728e-05	1.340363e-06	-4.186047e-04
1.144144e-01	4.500000e-01	0.000000e+00	-3.351981e-10	1.594726e-05	7.270377e-07	-2.270457e-04
1.444444e-01	4.500000e-01	0.000000e+00	3.863890e-11	1.594726e-05	1.137095e-07	-3.548672e-05
1.744745e-01	4.500000e-01	0.000000e+00	4.891295e-10	1.594727e-05	-4.996235e-07	1.560722e-04
2.045045e-01	4.500000e-01	0.000000e+00	7.752774e-10	1.594729e-05	-1.112967e-06	3.476314e-04
2.345345e-01	4.500000e-01	0.000000e+00	2.967844e-10	1.594731e-05	-1.726328e-06	5.391908e-04
2.645646e-01	4.500000e-01	0.000000e+00	-2.566133e-09	1.594728e-05	-2.339724e-06	7.307502e-04
3.000000e-01	5.010511e-01	0.000000e+00	-1.172843e-05	1.490545e-05	-3.015660e-06	8.942339e-04
2.462462e-01	5.000000e-01	0.000000e+00	-4.294298e-10	1.492605e-05	-1.965548e-06	5.745879e-04
2.162162e-01	5.000000e-01	0.000000e+00	-1.597268e-10	1.492606e-05	-1.352187e-06	3.952957e-04
1.861862e-01	5.000000e-01	0.000000e+00	-2.029569e-11	1.492606e-05	-7.388385e-07	2.160035e-04
1.561562e-01	5.000000e-01	0.000000e+00	-1.506612e-10	1.492606e-05	-1.254991e-07	3.671125e-05
1.261261e-01	5.000000e-01	0.000000e+00	-4.436782e-10	1.492607e-05	4.878345e-07	-1.425811e-04
9.609610e-02	5.000000e-01	0.000000e+00	-8.073426e-10	1.492609e-05	1.101163e-06	-3.218735e-04
6.606607e-02	5.000000e-01	0.000000e+00	-1.219013e-09	1.492612e-05	1.714482e-06	-5.011663e-04
3.603604e-02	5.000000e-01	0.000000e+00	-1.065859e-09	1.492616e-05	2.327768e-06	-6.804594e-04
0.000000e+00	5.511512e-01	0.000000e+00	1.212138e-05	1.388174e-05	3.016111e-06	-8.329299e-04
5.315315e-02	5.500000e-01	0.000000e+00	-2.703894e-09	1.390497e-05	1.978196e-06	-5.386985e-04
8.318318e-02	5.500000e-01	0.000000e+00	-1.302143e-09	1.390492e-05	1.364870e-06	-3.716719e-04
1.132132e-01	5.500000e-01	0.000000e+00	-8.120886e-10	1.390489e-05	7.515470e-07	-2.046458e-04
1.432432e-01	5.500000e-01	0.000000e+00	-4.626101e-10	1.390487e-05	1.382194e-07	-3.762004e-05
1.732733e-01	5.500000e-01	0.000000e+00	-2.262871e-10	1.390486e-05	-4.751115e-07	1.294056e-04
2.033033e-01	5.500000e-01	0.000000e+00	-2.338117e-10	1.390485e-05	-1.088441e-06	2.964311e-04
2.333333e-01	5.500000e-01	0.000000e+00	-5.066643e-10	1.390484e-05	-1.701765e-06	4.634565e-04
2.633634e-01	5.500000e-01	0.000000e+00	-3.105456e-10	1.390482e-05	-2.315082e-06	6.304818e-04
3.000000e-01	6.012513e-01	0.000000e+00	-1.085185e-05	1.285844e-05	-3.013220e-06	7.714521e-04
2.474474e-01	6.000000e-01	0.000000e+00	-9.715099e-10	1.288366e-05	-1.990013e-06	5.021579e-04
2.174174e-01	6.000000e-01	0.000000e+00	1.109484e-10	1.288367e-05	-1.376706e-06	3.473988e-04
1.873874e-01	6.000000e-01	0.000000e+00	9.157597e-11	1.288367e-05	-7.633856e-07	1.926398e-04
1.573574e-01	6.000000e-01	0.000000e+00	-3.705478e-10	1.288367e-05	-1.500582e-07	3.788081e-05
1.273273e-01	6.000000e-01	0.000000e+00	-1.036465e-09	1.288369e-05	4.632692e-07	-1.168783e-04
9.729730e-02	6.000000e-01	0.000000e+00	-1.500891e-09	1.288373e-05	1.076589e-06	-2.716378e-04
6.726727e-02	6.000000e-01	0.000000e+00	-1.443982e-09	1.288378e-05	1.689899e-06	-4.263979e-04
3.723724e-02	6.000000e-01	0.000000e+00	1.064534e-09	1.288380e-05	2.303230e-06	-5.811584e-04
0.000000e+00	6.513514e-01	0.000000e+00	1.225541e-05	1.183560e-05	3.015920e-06	-7.101328e-04
5.195195e-02	6.500000e-01	0.000000e+00	-1.858386e-09	1.186267e-05	2.002649e-06	-4.652724e-04
8.198198e-02	6.500000e-01	0.000000e+00	-2.394437e-09	1.186260e-05	1.389366e-06	-3.227781e-04
1.120120e-01	6.500000e-01	0.000000e+00	-1.982119e-09	1.186254e-05	7.760579e-07	-1.802846e-04
1.420420e-01	6.500000e-01	0.000000e+00	-9.103448e-10	1.186249e-05	1.627352e-07	-3.779174e-05
1.720721e-01	6.500000e-01	0.000000e+00	3.110511e-10	1.186249e-05	-4.505898e-07	1.047008e-04
2.021021e-01	6.500000e-01	0.000000e+00	1.158495e-09	1.186251e-05	-1.063902e-06	2.471934e-04
2.321321e-01	6.500000e-01	0.000000e+00	1.308707e-09	1.186255e-05	-1.677187e-06	3.896864e-04
2.621622e-01	6.500000e-01	0.000000e+00	9.736680e-10	1.186258e-05	-2.290439e-06	5.321800e-04
3.000000e-01	7.014515e-01	0.000000e+00	-1.171238e-05	1.081250e-05	-3.015232e-06	6.486846e-04
2.486486e-01	7.000000e-01	0.000000e+00	3.437271e-09	1.084157e-05	-2.014355e-06	4.277693e-04
2.186186e-01	7.000000e-01	0.000000e+00	3.902471e-09	1.084146e-05	-1.401150e-06	2.975407e-04
1.885886e-01	7.000000e-01	0.000000e+00	2.683828e-09	1.084136e-05	-7.878918e-07	1.673135e-04
1.585586e-01	7.000000e-01	0.000000e+00	3.294664e-10	1.084131e-05	-1.745928e-07	3.708713e-05
1.285285e-01	7.000000e-01	0.000000e+00	-2.240070e-09	1.084134e-05	4.387165e-07	-9.313911e-05
9.849850e-02	7.000000e-01	0.000000e+00	-4.078818e-09	1.084144e-05	1.052001e-06	-2.233661e-04
6.846847e-02	7.000000e-01	0.000000e+00	-4.421022e-09	1.084157e-05	1.665234e-06	-3.535946e-04
3.843844e-02	7.000000e-01	0.000000e+00	-4.183848e-09	1.084170e-05	2.278404e-06	-4.838246e-04
0.000000e+00	7.515516e-01	0.000000e+00	1.064582e-05	9.788828e-06	3.013696e-06	-5.873575e-04
5.075075e-02	7.500000e-01	0.000000e+00	-6.243847e-09	9.820817e-06	2.026767e-06	-3.898923e-04
8.078078e-02	7.500000e-01	0.000000e+00	-8.991358e-09	9.820569e-06	1.413686e-06	-2.719258e-04
1.108108e-01	7.500000e-01	0.000000e+00	-6.834747e-09	9.820323e-06	8.005026e-07	-1.539624e-04
1.408408e-01	7.500000e-01	0.000000e+00	-2.097252e-09	9.820187e-06	1.872460e-07	-3.600137e-05
1.708709e-01	7.500000e-01	0.000000e+00	3.113816e-09	9.820205e-06	-4.260281e-07	8.195892e-05
2.009009e-01	7.500000e-01	0.000000e+00	7.029252e-09	9.820365e-06	-1.039258e-06	1.999203e-04
2.309309e-01	7.500000e-01	0.000000e+00	7.933287e-09	9.820599e-06	-1.652399e-06	3.178842e-04
2.609610e-01	7.500000e-01	0.000000e+00	5.296288e-09	9.820807e-06	-2.265440e-06	4.358509e-04
3.000000e-01	8.016517e-01	0.000000e+00	-1.140833e-05	8.767656e-06	-3.013330e-06	5.259521e-04
2.498498e-01	8.000000e-01	0.000000e+00	1.296401e-08	8.800281e-06	-2.038038e-06	3.514354e-04
2.198198e-01	8.000000e-01	0.000000e+00	1.623557e-08	8.799822e-06	-1.425234e-06	2.457288e-04
1.897898e-01	8.000000e-01	0.000000e+00	1.213504e-08	8.799383e-06	-8.122399e-07	1.400279e-04
1.597598e-01	8.000000e-01	0.000000e+00	3.210213e-09	8.799147e-06	-1.991008e-07	3.433121e-05
1.297297e-01	8.000000e-01	0.000000e+00	-7.128362e-09	8.799209e-06	4.140805e-07	-7.136441e-05
9.969970e-02	8.000000e-01	0.000000e+00	-1.495617e-08	8.799550e-06	1.027187e-06	-1.770625e-04
6.966967e-02	8.000000e-01	0.000000e+00	-1.750406e-08	8.800050e-06	1.640133e-06	-2.827659e-04
3.963964e-02	8.000000e-01	0.000000e+00	-1.375575e-08	8.800536e-06	2.252883e-06	-3.884753e-04
0.000000e+00	8.517518e-01	0.000000e+00	8.932050e-06	7.743424e-06	3.007859e-06	-4.646621e-04
4.954955e-02	8.500000e-01	0.000000e+00	-2.610629e-08	7.780651e-06	2.049346e-06	-3.125885e-04
7.957958e-02	8.500000e-01	0.000000e+00	-3.190880e-08	7.779737e-06	1.437097e-06	-2.191324e-04
1.096096e-01	8.500000e-01	0.000000e+00	-2.416209e-08	7.778864e-06	8.245007e-07	-1.256876e-04
1.396396e-01	8.500000e-01	0.000000e+00	-6.850338e-09	7.778379e-06	2.116334e-07	-3.225112e-05
1.696697e-01	8.500000e-01	0.000000e+00	1.269973e-08	7.778468e-06	-4.013114e-07	6.118286e-05
1.996997e-01	8.500000e-01	0.000000e+00	2.753580e-08	7.779093e-06	-1.014110e-06	1.546213e-04
2.297297e-01	8.500000e-01	0.000000e+00	3.089395e-08	7.780007e-06	-1.626595e-06	2.480693e-04
2.597598e-01	8.500000e-01	0.000000e+00	1.904960e-08	7.780808e-06	-2.238726e-06	3.415280e-04
3.000000e-01	9.018519e-01	0.000000e+00	-1.152362e-05	6.725031e-06	-3.003932e-06	4.033821e-04
2.510511e-01	9.000000e-01	0.000000e+00	4.694334e-08	6.762488e-06	-2.058399e-06	2.732238e-04
2.210210e-01	9.000000e-01	0.000000e+00	6.003451e-08	6.760811e-06	-1.447330e-06	1.920023e-04
1.909910e-01	9.000000e-01	0.000000e+00	4.580893e-08	6.759163e-06	-8.356033e-07	1.108017e-04
1.609610e-01	9.000000e-01	0.000000e+00	1.380327e-08	6.758238e-06	-2.233708e-07	2.961704e-05
1.309309e-01	9.000000e-01	0.000000e+00	-2.276872e-08	6.758391e-06	3.890154e-07	-5.156278e-05
1.009009e-01	9.000000e-01	0.000000e+00	-5.290938e-08	6.759568e-06	1.001144e-06	-1.327509e-04
7.087087e-02	9.000000e-01	0.000000e+00	-5.884119e-08	6.761294e-06	1.612715e-06	-2.139571e-04
4.084084e-02	9.000000e-01	0.000000e+00	-3.612836e-08	6.762787e-06	2.223649e-06	-2.951836e-04
0.000000e+00	9.519520e-01	0.000000e+00	1.099075e-05	5.708502e-06	2.994902e-06	-3.423085e-04
4.834835e-02	9.500000e-01	0.000000e+00	-8.589199e-08	5.747478e-06	2.064754e-06	-2.335102e-04
7.837838e-02	9.500000e-01	0.000000e+00	-1.102108e-07	5.744411e-06	1.456044e-06	-1.644891e-04
1.084084e-01	9.500000e-01	0.000000e+00	-8.544570e-08	5.741356e-06	8.461816e-07	-9.550636e-05
1.384384e-01	9.500000e-01	0.000000e+00	-2.726585e-08	5.739602e-06	2.354107e-07	-2.655355e-05
1.684685e-01	9.500000e-01	0.000000e+00	4.172126e-08	5.739843e-06	-3.756454e-07	4.238983e-05
1.984985e-01	9.500000e-01	0.000000e+00	9.470635e-08	5.741992e-06	-9.862481e-07	1.113481e-04
2.285285e-01	9.500000e-01	0.000000e+00	1.101894e-07	5.745200e-06	-1.595842e-06	1.803398e-04
2.585586e-01	9.500000e-01	0.000000e+00	7.411905e-08	5.748081e-06	-2.204301e-06	2.493696e-04
3.000000e-01	9.468969e-01	0.000000e+00	1.118906e-05	5.811654e-06	-2.993284e-06	3.484426e-04
5.045045e-02	5.045045e-02	0.000000e+00	3.333097e-13	-1.243735e-13	-3.373216e-13	-7.642180e-12
1.000000e-01	1.000000e-01	0.000000e+00	3.014082e-13	-1.076844e-13	-3.228925e-13	-1.446843e-11
1.495495e-01	1.495495e-01	0.000000e+00	2.958302e-13	-9.733501e-14	-3.036448e-13	-2.069762e-11
2.000000e-01	2.000000e-01	0.000000e+00	3.234547e-13	-9.290498e-14	-2.769707e-13	-2.643353e-11
2.495495e-01	2.495495e-01	0.000000e+00	3.427689e-13	-9.419503e-14	-2.426099e-13	-3.143263e-11
2.504505e-01	3.495495e-01	0.000000e+00	5.147603e-13	-8.499335e-14	-1.332953e-13	-3.835205e-11
2.000000e-01	4.000000e-01	0.000000e+00	5.408582e-13	-6.956636e-14	-6.466996e-14	-3.987689e-11
1.504505e-01	4.495495e-01	0.000000e+00	5.668863e-13	-5.646747e-14	3.614927e-15	-4.029570e-11
1.000000e-01	5.000000e-01	0.000000e+00	5.806237e-13	-4.440468e-14	7.365270e-14	-3.957103e-11
5.045045e-02	5.495495e-01	0.000000e+00	5.327064e-13	-3.232767e-14	1.409113e-13	-3.771795e-11
5.045045e-02	6.504505e-01	0.000000e+00	2.437432e-13	-2.688737e-14	2.393098e-13	-3.025841e-11
1.000000e-01	7.000000e-01	0.000000e+00	2.309922e-13	-2.641002e-14	2.626265e-13	-2.536322e-11
1.495495e-01	7.495495e-01	0.000000e+00	1.246038e-13	-1.969984e-14	2.745269e-13	-2.004369e-11
2.000000e-01	8.000000e-01	0.000000e+00	-3.636213e-14	-1.035078e-14	2.703711e-13	-1.441057e-11
2.504505e-01	8.504505e-01	0.000000e+00	-2.920625e-13	-2.232063e-16	2.440808e-13	-8.914192e-12
